# Transitions for 2D Muller potential
# 4 bins
# 10000.0 steps
# 100 Particles
# T = 300 K
# friction = 100 /ps
82 3 0 0 0 325 13 0 0 4 507 0 0 0 5 166
2 0 0 0 0 6 0 0 0 0 38 0 0 0 0 2
0 0 0 0 0 0 0 0 0 0 0 0 0 0 0 0
0 0 0 0 0 0 0 0 0 0 0 0 0 0 0 0
2 0 0 0 0 3 0 0 0 0 16 0 0 0 0 0
130 19 0 0 15 13491 0 0 0 3 211494 16666 0 0 16648 154120
3 2 0 0 2 1059 0 0 0 0 0 0 0 0 0 0
0 0 0 0 0 0 0 0 0 0 0 0 0 0 0 0
0 0 0 0 0 0 0 0 0 0 0 0 0 0 0 0
2 2 0 0 0 1043 0 0 0 0 4 0 0 0 0 1
57227 372 0 0 410 59221 1 0 0 4 101 1 0 0 1 5
8246 0 0 0 0 0 0 0 0 0 1 0 0 0 0 0
0 0 0 0 0 0 0 0 0 0 0 0 0 0 0 0
0 0 0 0 0 0 0 0 0 0 0 0 0 0 0 0
8205 0 0 0 0 8 0 0 0 1 2 0 0 0 0 0
450164 0 0 0 4 118 0 0 0 3 27 0 0 0 0 0
